33010
33012
33013
33014
33015
33018
33054
33055
33056
33122
33125
33126
33127
33132
33133
33134
33135
33136
33137
33138
33139
33140
33141
33142
33143
33145
33146
33149
33150
33154
33155
33156
33157
33158
33160
33161
33162
33165
33166
33167
33168
33169
33170
33172
33173
33176
33177
33178
33179
33180
33181
33182
33184
33185
33187
33189
33190
33192
33193
33194
33196
33186
33027
33033
33130
33032
33175
33131
33016
33147
33183
33030
33174
33144
33129
33034
33035
33128
33031
33261
33114
33017
33247
33101
33256
33197
33090
33269
33283
33238
33242
33265
33152
33222
33116
33109
33245
33011
33093
33296
33255
33092
33119
33002
33243
33233
33153
33164
33231
33266
33239
33257
33280
33234
33163
33124
33148
33151
33121
33159
33112
33111
33110
33107
33102
33039
33188
33199
33299
33106
33195
33191
33206
33198